1
417
883
1284
1684
2184
2617
3134
3601
4051
4551
4951
5418
5901
6368
6851
7334
7868
8368
8785
9218
9734
10218
10701
11169
11619
12118
12569
13051
13535
14051
14551
15085
15568
16035
16518
16985
17452
17885
18352
18819
19269
19735
20218
20668
21152
21602
22085
22552
23002
23485
23935
24402
24885
25302
25785
26253
26702
27153
27603
28120
28585
29069
29553
29969
30435
30920
31386
31869
32369
32853
33336
33802
34286
34753
35202
35702
36186
36670
37119
37603
38086
38586
39020
39504
39971
40503
41020
41486
41953
42420
42920
43403
43919
44420
44920
45354
45837
46336
46803
