1
467
1018
1483
2050
2635
3167
3734
4234
4701
5218
5751
6234
6751
7268
7835
8367
8935
9451
9951
10468
11034
11534
12067
12567
13052
13602
14168
14719
15285
15851
16418
17018
17468
17985
18485
19035
19602
20101
20685
21201
21702
22235
22752
23235
23784
24319
24869
25418
25985
26519
27018
27569
28152
28686
29219
29719
30219
30802
31352
31886
32469
33003
33652
34269
34818
35353
35869
36453
36969
37435
37986
38503
39052
39602
40119
40669
41186
41686
42219
42753
43303
43837
44353
44903
45419
45920
46453
47003
47536
48070
48570
49120
49653
50220
50754
51336
51970
52537
53020