1
452
1068
1618
2236
2819
3319
3936
4485
5053
5635
6185
6702
7319
7919
8503
9052
9685
10285
10836
11369
11953
12502
13086
13686
14237
14803
15369
15969
16636
17219
17819
18504
19219
19803
20403
20953
21553
22119
22687
23236
23819
24403
24953
25487
26020
26603
27186
27787
28370
28954
29504
30087
30637
31254
31821
32403
32987
33621
34187
34787
35371
35987
36637
37254
37838
38454
39021
39637
40221
40821
41455
42054
42638
43255
43855
44421
45021
45621
46238
46822
47405
47988
48555
49155
49754
50322
50922
51522
52106
52688
53238
53839
54455
55056
55722
56355
57005
57638
58205