144.2307692
128.7553648
149.6259352
150
120
138.5681293
116.0541586
128.4796574
133.3333333
120
150
128.4796574
124.2236025
128.4796574
124.2236025
124.2236025
112.3595506
120
143.8848921
138.5681293
116.2790698
123.9669421
124.2236025
128.2051282
133.3333333
120.240481
133.037694
124.4813278
123.9669421
116.2790698
120
112.3595506
124.2236025
128.4796574
124.2236025
128.4796574
128.4796574
138.5681293
128.4796574
128.4796574
133.3333333
128.7553648
124.2236025
133.3333333
123.9669421
133.3333333
124.2236025
128.4796574
133.3333333
124.2236025
133.3333333
128.4796574
124.2236025
143.8848921
124.2236025
128.2051282
133.6302895
133.037694
133.3333333
116.0541586
129.0322581
123.9669421
123.9669421
144.2307692
128.7553648
123.7113402
128.7553648
124.2236025
120
123.9669421
124.2236025
128.7553648
123.9669421
128.4796574
133.6302895
120
123.9669421
123.9669421
133.6302895
123.9669421
124.2236025
120
138.2488479
123.9669421
128.4796574
112.7819549
116.0541586
128.7553648
128.4796574
128.4796574
120
124.2236025
116.2790698
119.760479
120
138.2488479
124.2236025
120.240481
128.4796574
