128.7553648
108.892922
129.0322581
105.8201058
102.5641026
112.7819549
105.8201058
120
128.4796574
116.0541586
112.5703565
124.2236025
116.0541586
116.0541586
105.8201058
112.7819549
105.6338028
116.2790698
120
116.0541586
106.0070671
120
112.5703565
120
123.7113402
109.0909091
106.0070671
108.892922
106.0070671
106.0070671
105.8201058
100
133.3333333
116.0541586
120
109.0909091
105.8201058
120.240481
102.739726
116.2790698
119.760479
112.5703565
116.0541586
124.2236025
109.2896175
112.1495327
109.0909091
109.2896175
105.8201058
112.3595506
120.240481
108.892922
102.915952
112.3595506
112.5703565
120
120
102.915952
109.0909091
112.3595506
102.915952
112.3595506
92.44992296
97.24473258
109.2896175
112.1495327
116.2790698
102.739726
116.2790698
128.7553648
108.892922
116.0541586
109.2896175
109.0909091
116.0541586
109.0909091
116.0541586
120
112.5703565
112.3595506
109.0909091
112.3595506
116.2790698
109.0909091
116.2790698
119.760479
112.5703565
109.0909091
112.5703565
112.3595506
120
109.0909091
112.5703565
105.8201058
112.3595506
103.0927835
94.63722397
105.8201058
124.2236025