133.037694
97.4025974
109.0909091
97.08737864
102.915952
120
97.24473258
109.2896175
105.6338028
103.0927835
109.0909091
116.0541586
97.24473258
100
102.739726
109.2896175
94.78672986
100
108.892922
112.5703565
102.739726
109.2896175
102.739726
100
108.892922
106.0070671
106.0070671
100
89.95502249
102.915952
100
87.59124088
83.91608392
102.739726
100
109.0909091
100
106.0070671
105.6338028
109.2896175
102.915952
102.739726
109.0909091
112.3595506
112.5703565
102.915952
102.915952
99.83361065
102.915952
102.739726
109.0909091
102.915952
109.0909091
97.24473258
105.8201058
103.0927835
102.739726
94.63722397
106.0070671
100
102.739726
97.4025974
92.30769231
97.24473258
102.739726
97.4025974
105.8201058
97.4025974
102.739726
100
94.63722397
100.1669449
102.739726
97.24473258
100
106.0070671
100
100
97.24473258
102.739726
102.915952
102.915952
105.8201058
100
100.1669449
105.6338028
100
100
102.739726
103.0927835
109.0909091
99.83361065
97.4025974
99.83361065
90.09009009
94.78672986
92.30769231
94.78672986
105.8201058